591 119 -25813 119 0 1
523 69 -25887 64 0 1
505 52 -25728 119 0 1
565 99 -25901 47 0 1
583 114 -25862 81 0 1
639 157 -25979 121 0 1
651 165 -25801 126 0 1
467 20 -25853 70 0 1
469 22 -25754 213 0 1
599 125 -25760 154 0 1
469 23 -25602 103 0 1
477 30 -25756 244 0 1
479 33 -25740 63 0 1
489 40 -25644 260 0 1
507 55 -25768 192 0 1
519 65 -25785 340 0 1
545 87 -25787 137 0 1
561 97 -25806 676 0 1
571 104 -25816 301 0 1
587 117 -25822 158 0 1
597 124 -25793 527 0 1
603 128 -25827 601 0 1
631 150 -25829 676 0 1
645 160 -25863 355 0 1
647 163 -25850 350 0 1
463 15 -25722 148 0 1
465 17 -25770 106 0 1
471 25 -25728 189 0 1
501 49 -25755 195 0 1
525 70 -25762 289 0 1
537 79 -25756 322 0 1
539 81 -25776 445 0 1
547 87 -25762 302 0 1
549 89 -25762 80 0 1
557 94 -25773 279 0 1
571 105 -25762 140 0 1
573 105 -25819 152 0 1
587 116 -25799 256 0 1
589 118 -25805 512 0 1
601 127 -25799 645 0 1
603 129 -25824 305 0 1
631 151 -25836 69 0 1
633 151 -25824 569 0 1
641 158 -25826 1311 0 1
643 159 -25828 251 0 1
643 160 -25843 309 0 1
645 161 -25832 360 0 1
463 14 -25730 174 0 1
499 48 -25765 233 0 1
509 56 -25732 206 0 1
527 71 -25707 57 0 1
533 78 -25745 158 0 1
535 78 -25766 555 0 1
537 80 -25741 198 0 1
549 88 -25783 153 0 1
569 102 -25806 115 0 1
599 126 -25790 256 0 1
621 143 -25808 127 0 1
625 145 -25817 637 0 1
635 153 -25826 592 0 1
473 27 -25742 106 0 1
483 36 -25738 350 0 1
487 39 -25763 176 0 1
497 46 -25735 231 0 1
503 51 -25730 194 0 1
523 68 -25760 450 0 1
533 76 -25766 936 0 1
553 91 -25770 328 0 1
565 100 -25790 315 0 1
569 103 -25804 296 0 1
583 113 -25820 415 0 1
593 121 -25809 586 0 1
611 135 -25809 488 0 1
623 70 -25838 40 0 1
623 144 -25813 889 0 1
627 147 -25815 775 0 1
633 152 -25834 189 0 1
651 166 -25843 348 0 1
653 167 -25834 513 0 1
465 18 -25730 173 0 1
473 26 -25756 82 0 1
495 45 -25750 247 0 1
513 60 -25738 207 0 1
539 82 -25771 360 0 1
541 82 -25764 365 0 1
551 90 -25751 277 0 1
553 294 -25711 41 0 1
567 101 -25788 437 0 1
581 112 -25778 369 0 1
607 132 -25804 499 0 1
637 155 -25823 1569 0 1
471 2 -25758 46 0 1
475 29 -25723 181 0 1
491 42 -25749 245 0 1
505 53 -25729 63 0 1
511 58 -25749 216 0 1
517 63 -25725 251 0 1
521 66 -25777 217 0 1
523 74 -25747 188 0 1
545 85 -25784 137 0 1
555 93 -25780 478 0 1
563 98 -25804 193 0 1
585 115 -25803 280 0 1
591 120 -25816 262 0 1
595 123 -25797 331 0 1
605 130 -25826 572 0 1
609 133 -25817 1209 0 1
615 138 -25809 542 0 1
619 141 -25829 773 0 1
637 154 -25837 276 0 1
649 164 -25823 596 0 1
461 11 -25602 625 0 1
467 21 -25704 195 0 1
481 34 -25734 239 0 1
493 43 -25705 246 0 1
515 62 -25762 290 0 1
521 67 -25724 87 0 1
531 75 -25773 298 0 1
543 84 -25747 353 0 1
553 92 -25756 167 0 1
563 99 -25755 85 0 1
575 107 -25792 275 0 1
595 122 -25818 91 0 1
629 149 -25922 93 0 1
479 32 -25797 142 0 1
507 54 -25747 146 0 1
527 72 -25741 294 0 1
545 86 -25836 163 0 1
559 96 -25752 245 0 1
613 136 -25792 690 0 1
617 139 -25818 884 0 1
629 148 -25828 396 0 1
639 156 -25827 389 0 1
647 162 -25857 422 0 1
529 73 -25746 345 0 1
510 227 -25817 78 0 1
560 269 -25920 45 0 1
652 382 -25881 105 0 1
462 169 -25758 81 0 1
544 265 -25822 52 0 1
588 312 -25759 88 0 1
574 297 -25828 71 0 1
606 331 -25792 96 0 1
590 314 -25792 100 0 1
472 184 -25719 56 0 1
490 205 -25712 102 0 1
624 351 -25742 79 0 1
626 352 -25684 63 0 1
504 221 -25721 216 0 1
512 230 -25735 113 0 1
534 254 -25764 292 0 1
570 292 -25771 90 0 1
598 100 -25928 45 0 1
482 195 -25864 50 0 1
496 212 -25691 123 0 1
552 274 -25707 154 0 1
560 283 -25856 79 0 1
476 188 -25703 148 0 1
520 239 -25795 97 0 1
522 241 -25694 81 0 1
524 243 -25769 167 0 1
528 248 -25734 85 0 1
540 261 -25785 242 0 1
614 339 -25845 77 0 1
652 383 -25701 74 0 1
480 193 -25708 116 0 1
498 214 -25723 133 0 1
508 225 -25526 52 0 1
568 290 -25729 135 0 1
590 313 -25781 98 0 1
608 333 -25780 83 0 1
620 346 -25812 62 0 1
636 364 -25766 110 0 1
472 183 -25692 71 0 1
478 190 -25738 76 0 1
484 198 -25624 69 0 1
500 217 -25682 96 0 1
516 234 -25759 83 0 1
518 237 -25677 58 0 1
546 267 -25764 71 0 1
554 276 -25720 203 0 1
566 288 -25709 189 0 1
568 291 -25749 68 0 1
580 303 -25742 74 0 1
582 305 -25695 134 0 1
598 322 -25715 129 0 1
600 325 -25743 113 0 1
612 338 -25795 144 0 1
622 349 -25706 81 0 1
630 357 -25775 128 0 1
640 369 -25730 106 0 1
646 376 -25824 65 0 1
464 174 -25791 53 0 1
466 176 -25666 161 0 1
474 185 -25662 86 0 1
492 207 -25729 191 0 1
494 209 -25693 137 0 1
500 216 -25674 69 0 1
516 235 -25691 44 0 1
526 245 -25735 243 0 1
536 256 -25783 94 0 1
564 287 -25742 230 0 1
566 289 -25683 54 0 1
584 307 -25732 38 0 1
614 340 -25692 54 0 1
622 348 -25786 51 0 1
628 355 -25727 106 0 1
634 362 -25785 54 0 1
636 362 -25873 71 0 1
478 243 -25601 78 0 1
482 196 -25661 91 0 1
490 204 -25673 117 0 1
502 219 -25747 153 0 1
532 252 -25672 113 0 1
536 257 -25633 77 0 1
548 270 -25724 124 0 1
556 278 -25671 72 0 1
578 301 -25746 125 0 1
596 320 -25780 200 0 1
604 329 -25742 132 0 1
636 363 -25724 143 0 1
642 371 -25764 268 0 1
468 179 -25666 160 0 1
550 272 -25643 83 0 1
572 295 -25656 89 0 1
576 299 -25702 176 0 1
586 309 -25685 82 0 1
632 360 -25740 249 0 1
642 370 -25794 122 0 1
644 373 -25763 163 0 1
648 378 -25797 206 0 1
464 173 -25754 109 0 1
474 186 -25700 56 0 1
514 232 -25682 269 0 1
542 263 -25756 167 0 1
558 280 -25732 149 0 1
584 308 -25708 115 0 1
592 316 -25737 143 0 1
602 326 -25735 139 0 1
610 336 -25704 55 0 1
616 342 -25773 178 0 1
626 353 -25890 47 0 1
634 360 -25711 63 0 1
638 366 -25713 114 0 1
650 380 -25771 230 0 1
460 24 -25481 53 0 1
470 181 -25632 105 0 1
488 203 -25633 110 0 1
506 223 -25606 108 0 1
522 240 -25682 107 0 1
530 249 -25797 55 0 1
546 268 -25746 108 0 1
610 335 -25782 81 0 1
646 375 -25770 193 0 1
462 170 -25688 155 0 1
544 266 -25555 68 0 1
560 282 -25555 81 0 1
594 318 -25667 202 0 1
618 344 -25647 166 0 1
620 347 -25771 114 0 1
486 200 -25498 116 0 1
562 284 -25711 130 0 1
640 368 -25735 54 0 1